Vector2.x = 5.000000
Vector2.y = 7.000000
________
Update in
Vector2.x = 5.000000
Vector2.y = 7.000000
________
Update out
Vector2.x = 1.000000
Vector2.y = 10.000000