Coord.x = 5.000000
Coord.y = 7.000000
Velocity.x = -20.000000
Velocity.y = -37.000000
________
Update in
Coord.x = 5.000000
Coord.y = 7.000000
Velocity.x = -20.000000
Velocity.y = -37.000000
________
Update out
Coord.x = 105.000000
Coord.y = 107.000000
Velocity.x = -420.000000
Velocity.y = -337.000000