Vector2.x = 5.000000
Vector2.y = 7.000000